                                  ₀₁₀₁₀₁₀₁₀
              ₁₀₁₀₁₀₁₀   101010101010101010
    101010101010101010   101010101010101010
    101010101010101010   101010101010101010
    101010101010101010   101010101010101010
    101010101010101010   101010101010101010
    101010101010101010   101010101010101010

    101010101010101010   101010101010101010
    101010101010101010   101010101010101010
    101010101010101010   101010101010101010
    101010101010101010   101010101010101010
    101010101010101010   101010101010101010
              ¹⁰¹⁰¹⁰¹⁰   101010101010101010
                                  ⁰¹⁰¹⁰¹⁰¹⁰
