-;0;120;212-
    11111111111111111   11111111111111111
    11111111111111111   11111111111111111
    11111111111111111   11111111111111111
    11111111111111111   11111111111111111
    11111111111111111   11111111111111111
    11111111111111111   11111111111111111
    11111111111111111   11111111111111111

    11111111111111111   11111111111111111
    11111111111111111   11111111111111111
    11111111111111111   11111111111111111
    11111111111111111   11111111111111111
    11111111111111111   11111111111111111
    11111111111111111   11111111111111111
    11111111111111111   11111111111111111
-m-