-;0;173;239-
                                  ₈₈₈₈₈₈₈
              ₈₈₈₈₈₈   ₈₈8888888888888888
    8888888888888888   888888888888888888
    8888888888888888   888888888888888888
    8888888888888888   888888888888888888
    8888888888888888   888888888888888888
    8888888888888888   888888888888888888

    8888888888888888   888888888888888888
    8888888888888888   888888888888888888
    8888888888888888   888888888888888888
    8888888888888888   888888888888888888
    8888888888888888   888888888888888888
              ⁸⁸⁸⁸⁸⁸   ⁸⁸8888888888888888
                                  ⁸⁸⁸⁸⁸⁸⁸
-m-