-;0;120;214-
                                  ₀₁₀₁₀₁₀
              ₁₀₁₀₁₀   ₁₀1010101010101010
    1010101010101010   101010101010101010
    1010101010101010   101010101010101010
    1010101010101010   101010101010101010
    1010101010101010   101010101010101010
    1010101010101010   101010101010101010

    1010101010101010   101010101010101010
    1010101010101010   101010101010101010
    1010101010101010   101010101010101010
    1010101010101010   101010101010101010
    1010101010101010   101010101010101010
              ¹⁰¹⁰¹⁰   ¹⁰1010101010101010
                                  ⁰¹⁰¹⁰¹⁰
-m-